3 0.2458986875 0.3843753333333333 0.0062500000000000056 0.011458000000000043
3 0.24687525 0.2932288333333333 0.009375000000000022 0.02604200000000001
3 0.260546375 0.2911458333333334 0.013282000000000016 0.028124999999999994
3 0.552733875 0.16744758333333332 0.027343999999999924 0.04999999999999999
3 0.7326171875 0.30625 0.02265600000000001 0.03125
8 0.3765625 0.4348958333333333 0.109375 0.057292000000000044
8 0.5054685 0.4177083333333333 0.04843799999999998 0.041667000000000044
8 0.5470700625 0.4085940833333333 0.04921900000000001 0.036457999999999956
8 0.616015375 0.41328158333333337 0.07499999999999996 0.052082999999999956
8 0.76875025 0.4242184166666667 0.258594 0.20104200000000003
