1 0.2796875 0.8048163870967744 0.45375 0.38779299999999994
1 0.507265625 0.7153356803519061 0.14625000000000005 0.1370900000000001
1 0.5754296875 0.6858305454545455 0.06937499999999996 0.09295700000000003
1 0.6332421875 0.6442329618768328 0.053749999999999964 0.05352200000000008
1 0.6783203125 0.6310364809384164 0.02562500000000001 0.028169000000000062
1 0.71046875 0.6352042052785923 0.024375000000000036 0.024412999999999952
1 0.754375 0.6645297184750734 0.06437499999999996 0.08262900000000001
1 0.7925390625 0.692157853372434 0.08125000000000004 0.126761
1 0.8932421875 0.7491115014662757 0.21000000000000008 0.23098600000000005
1 0.930234375 0.8454506686217008 0.13750000000000007 0.306103
