3 0.0287109375 0.2877600833333333 0.014374999999999999 0.03583400000000003
3 0.0486328125 0.3044270833333333 0.010625000000000002 0.03500000000000003
3 0.32203125 0.26265591666666666 0.008750000000000036 0.029167000000000016
3 0.38765625 0.27135383333333335 0.008750000000000036 0.027500000000000007
3 0.5949609375 0.3263538333333333 0.015000000000000013 0.027500000000000042
3 0.6129296875 0.3401559166666666 0.006249999999999978 0.029167000000000016
3 0.692734375 0.09781216666666666 0.043749999999999956 0.099167
3 0.740546875 0.0390625 0.059374999999999956 0.079167
3 0.777109375 0.2619270833333333 0.011874999999999969 0.034167000000000024
3 0.8648046875 0.26359408333333334 0.007500000000000062 0.03583299999999997
