4 0.09742187499999999 0.4018746666666666 0.09 0.05333400000000007
4 0.385 0.41598958333333336 0.12624999999999997 0.11416699999999998
4 0.47 0.4208850833333333 0.03187500000000004 0.06666700000000003
4 0.7234375 0.4243753333333333 0.171875 0.13750000000000004
4 0.7947265625 0.3758336666666667 0.31500000000000006 0.08499999999999996
4 0.6556640625 0.364792 0.01937500000000003 0.03333299999999998
4 0.770390625 0.3719270833333333 0.020625000000000004 0.03416699999999998
4 0.8028125 0.36869825 0.016874999999999973 0.04166599999999998
4 0.8303125 0.3791149166666667 0.016874999999999973 0.06083299999999999
4 0.86015625 0.3719270833333333 0.008750000000000036 0.03416699999999998
4 0.8787890625 0.3778128333333333 0.018125000000000058 0.05749999999999996
4 0.9165625 0.37875 0.016875000000000084 0.0625
4 0.9395703125 0.38234375 0.026249999999999996 0.05666700000000002
