3 0.1084765625 0.25671841666666667 0.03499999999999999 0.108334
3 0.251953125 0.5990104166666667 0.004375000000000018 0.013332999999999892
3 0.2816796875 0.6162496666666666 0.007500000000000007 0.020834000000000092
3 0.333359375 0.5287496666666667 0.04312499999999997 0.14583399999999994
3 0.4454296875 0.6261455 0.00687500000000002 0.016666999999999987
3 0.448203125 0.6231774166666666 0.004375000000000018 0.013333000000000114
3 0.48640625 0.5657815833333334 0.008124999999999993 0.020832999999999952
3 0.7014453125 0.5054163333333334 0.02562500000000001 0.10666700000000007
3 0.7325390625 0.4819788333333333 0.050000000000000044 0.05833399999999996
3 0.795703125 0.6153125 0.004375000000000018 0.015832999999999913
3 0.798828125 0.6086455 0.0050000000000000044 0.015833999999999977
3 0.8374609375 0.5885940833333333 0.01375000000000004 0.03416599999999992
3 0.843984375 0.5740621666666667 0.011874999999999969 0.036667000000000005
