3 0.07398437499999999 0.3187503333333333 0.044375000000000005 0.106666
3 0.232890625 0.31484341666666665 0.05187500000000003 0.14
3 0.3941796875 0.7411455 0.006250000000000033 0.016666999999999987
3 0.4867578125 0.2895833333333333 0.04124999999999995 0.10500000000000005
3 0.550859375 0.650625 0.013124999999999942 0.03249999999999997
3 0.571328125 0.6993753333333332 0.005624999999999991 0.011666000000000102
3 0.5742578125 0.66588575 0.010624999999999996 0.025832999999999995
3 0.59140625 0.2934895833333333 0.04062500000000002 0.11416700000000006
3 0.593203125 0.69973925 0.004374999999999907 0.009999999999999934
3 0.6116015625 0.7001041666666667 0.003750000000000031 0.00749999999999984
3 0.64453125 0.66421875 0.008750000000000036 0.024166999999999977
3 0.8129296875 0.6505208333333333 0.007499999999999951 0.02750000000000008
3 0.83328125 0.6780208333333334 0.008750000000000036 0.027500000000000007
3 0.8918359375 0.27526075 0.04625000000000001 0.11916599999999995
