3 0.0078125 0.3401457883211679 0.017578 0.06423400000000001
3 0.2451176875 0.5372266861313868 0.007812000000000013 0.029197000000000035
3 0.25976525 0.45401424817518243 0.007813000000000014 0.03503699999999997
3 0.28222625 0.43503645255474455 0.039063000000000014 0.11094899999999992
3 0.3251955 0.4525549562043795 0.015625 0.04087600000000003
3 0.3789060625 0.527007394160584 0.018555000000000044 0.03211700000000005
3 0.46289025 0.24817474452554744 0.04003899999999999 0.10511
3 0.6054688125 0.24671574452554743 0.04101600000000005 0.106569
3 0.661132375 0.5313865401459855 0.011719000000000035 0.030656999999999917
3 0.6953126875 0.4467153941605839 0.007812000000000041 0.03357700000000001
3 0.7128908125 0.4364963941605839 0.01074200000000003 0.03211700000000005
3 0.7333986875 0.427737102189781 0.00781199999999993 0.03941599999999998
3 0.755859375 0.4218982481751825 0.011719000000000035 0.03649599999999997
3 0.7949218125 0.49343022627737226 0.010741999999999918 0.05547499999999995
