3 0.3233984375 0.37593231918008785 0.030624999999999958 0.053420999999999975
3 0.3346875 0.43433293265007317 0.016249999999999987 0.045923
3 0.3526171875 0.4316381903367496 0.021875000000000033 0.051545999999999995
3 0.361171875 0.38091193265007317 0.02812500000000001 0.045923
3 0.3725390625 0.4320480614934114 0.018125000000000002 0.04967199999999999
3 0.3880078125 0.4762744172767204 0.011249999999999982 0.03280199999999994
3 0.4009375 0.4776212884333822 0.016874999999999973 0.02999099999999993
3 0.4129296875 0.47615715959004395 0.006250000000000033 0.028117000000000007
3 0.8171875 0.460984803806735 0.016875000000000084 0.04217499999999998
3 0.8537109375 0.32286209224011714 0.014374999999999916 0.07122699999999997
3 0.8615234375 0.44276793265007325 0.030624999999999902 0.04404899999999999
3 0.8896484375 0.4408939326500732 0.030625000000000013 0.045923
3 0.912890625 0.44464193265007323 0.020625000000000004 0.04404899999999999
3 0.925390625 0.3405518345534407 0.020000000000000018 0.06654200000000003
3 0.9271875 0.3401419633967789 0.016249999999999987 0.06841600000000003
