1 0.8388671875 0.49433039113428945 0.24062499999999998 0.13951500000000003
1 0.0185546875 0.5116832477183832 0.03875 0.022557000000000077
1 0.09953125 0.4998992099087353 0.133125 0.08270700000000004
1 0.1934375 0.5023046479791394 0.10999999999999999 0.07769400000000007
1 0.24140625 0.5099877431551499 0.133125 0.06349200000000003
1 0.32015625 0.5045449908735333 0.13375000000000004 0.08437700000000005
1 0.3965234375 0.5047471147327249 0.15437499999999998 0.09523799999999993
1 0.503125 0.5036464576271187 0.18812500000000004 0.101921
1 0.6503515625 0.4981021434159061 0.22249999999999992 0.11863000000000001
1 0.9565625 0.4852284289439374 0.078125 0.07936499999999991
