3 0.1275390625 0.5876559166666667 0.019375000000000003 0.030834000000000028
3 0.180859375 0.59786425 0.011875000000000024 0.03916700000000003
3 0.1835546875 0.5530208333333334 0.007499999999999979 0.027500000000000007
3 0.188828125 0.60505175 0.004999999999999977 0.024166999999999977
3 0.2368359375 0.13911491666666667 0.04500000000000001 0.06
3 0.2370703125 0.4266149166666667 0.02562500000000001 0.05999999999999998
3 0.2917578125 0.13947883333333333 0.04249999999999998 0.058334
3 0.3605859375 0.49177050000000005 0.015000000000000013 0.04833399999999995
3 0.4025390625 0.4764583333333334 0.01874999999999999 0.07499999999999996
3 0.4491796875 0.5834899166666666 0.00687500000000002 0.030000000000000027
3 0.4912890625 0.4901045 0.018125000000000002 0.04833299999999996
3 0.4898046875 0.5887496666666666 0.006249999999999978 0.022499999999999964
3 0.582734375 0.539792 0.011874999999999969 0.03249999999999997
3 0.626953125 0.60171875 0.0050000000000000044 0.025832999999999995
3 0.634453125 0.60171875 0.0050000000000000044 0.024166999999999977
3 0.65703125 0.5755208333333334 0.009375000000000022 0.027500000000000007
3 0.7694140625 0.44317674999999995 0.04937500000000006 0.055000000000000014
3 0.7935546875 0.34098958333333335 0.03749999999999998 0.11333299999999998
3 0.8300390625 0.44317674999999995 0.04937499999999995 0.05666700000000002
