1 0.046875 0.6054374750733137 0.094375 0.11350800000000003
1 0.0390234375 0.4971309296187683 0.029375 0.02251399999999995
1 0.0907421875 0.5611103724340175 0.08437499999999999 0.10225100000000009
1 0.07789062499999999 0.5051081348973607 0.0525 0.04409100000000001
1 0.19539062499999998 0.49062741055718473 0.176875 0.04784200000000008
1 0.25277343750000003 0.5475041671554252 0.061874999999999986 0.07692300000000005
1 0.5730859374999999 0.5454162961876833 0.5150000000000001 0.207317
1 0.6434375 0.621503026392962 0.32999999999999996 0.12007499999999989
1 0.669375 0.46013520527859236 0.0625 0.024390000000000012
1 0.9773828125 0.49860561583577717 0.04249999999999998 0.07129399999999997
