0 0.13957031250000002 0.6581382627737226 0.058124999999999996 0.15499500000000002
0 0.199609375 0.667459598540146 0.044375 0.10830999999999996
0 0.5490234375 0.5428027664233577 0.030624999999999902 0.08590100000000005
0 0.5910546875 0.4568194160583941 0.006249999999999978 0.013072000000000077
0 0.61203125 0.44386612408759124 0.008124999999999938 0.017740999999999982
0 0.6241796875 0.4509289781021898 0.007500000000000062 0.021474999999999998
0 0.6596875 0.4368042700729928 0.016874999999999973 0.014938999999999961
0 0.669453125 0.4530854160583941 0.0050000000000000044 0.013071000000000029
0 0.69328125 0.4593319781021898 0.008750000000000036 0.020541999999999956
0 0.7155078125 0.46411868613138685 0.010624999999999996 0.028012000000000002
0 0.7254296875 0.47240397810218976 0.007499999999999951 0.023343000000000013
0 0.73765625 0.49318239416058396 0.008124999999999938 0.03268000000000003
0 0.7653125 0.5774831386861314 0.0475000000000001 0.13912300000000002
