0 0.1729296875 0.5254124117647059 0.007499999999999979 0.04708100000000002
0 0.1936328125 0.5029934705882353 0.010624999999999996 0.03295699999999997
0 0.206484375 0.5030467647058824 0.012500000000000011 0.061204999999999975
0 0.222890625 0.49275264705882355 0.020625000000000004 0.03860599999999997
0 0.26734375 0.5527611176470588 0.05499999999999999 0.12335199999999995
0 0.349296875 0.6306605882352943 0.09062500000000001 0.20433199999999993
0 0.382109375 0.5754124117647059 0.07562500000000005 0.14877600000000002
0 0.41078125 0.5534174705882352 0.040000000000000036 0.08286299999999998
0 0.43546875 0.5585911764705883 0.08749999999999997 0.10640299999999991
0 0.499296875 0.5550681176470588 0.09062500000000007 0.07344600000000003
0 0.5198828125 0.5732970588235294 0.10375000000000001 0.1355929999999999
0 0.6235546875 0.637188705882353 0.16249999999999998 0.22598799999999997
0 0.5939453125 0.5653622352941176 0.08875 0.09227900000000004
0 0.75859375 0.6035452352941176 0.11812500000000004 0.14124300000000006
0 0.8800390625 0.7810011764705882 0.23750000000000004 0.306968
0 0.8149609375 0.6035035294117647 0.04500000000000004 0.06779600000000013
0 0.90796875 0.7101805882352941 0.18125000000000002 0.15442599999999992
