3 0.60125 0.4374130833333334 0.0012500000000000959 0.0034719999999999196
3 0.6079696658851114 0.4400172500000001 0.006249999999999947 0.009027999999999961
3 0.6117196658851114 0.4311630833333333 0.004999999999999984 0.004861000000000004
3 0.6180473329425556 0.4324651666666666 0.0031250000000001064 0.006945000000000053
3 0.6230473329425555 0.43168425 0.004375000000000069 0.009028000000000036
3 0.6242973329425556 0.4204863333333333 0.0031249999999999733 0.01180499999999999
3 0.6379696658851114 0.4218753333333334 0.006249999999999947 0.012499999999999956
3 0.6696893317702227 0.4100693333333334 0.010625000000000016 0.010416999999999899
3 0.728516998827667 0.4078994166666667 0.009375000000000053 0.013888999999999966
3 0.7351589976553342 0.39921875 0.015625 0.02430600000000001
3 0.8421116647127785 0.39088575 0.01187499999999998 0.025694000000000106
3 0.9339866647127784 0.4466145833333333 0.01187499999999998 0.01874999999999997
