3 0.0208984375 0.05381944444444445 0.029375 0.111111
3 0.2132421875 0.28923622222222223 0.02312499999999998 0.10333300000000002
3 0.29125 0.06944444444444445 0.033125000000000016 0.141111
3 0.3611328125 0.49284688888888895 0.011249999999999982 0.060000000000000005
3 0.4063671875 0.21062466666666665 0.021874999999999978 0.11666700000000002
3 0.47265625 0.45298611111111103 0.009375000000000022 0.06666700000000006
3 0.5315625 0.47444477777777777 0.015625 0.05666599999999998
3 0.6208984375 0.07979211111111112 0.02937500000000004 0.13111099999999998
3 0.6123828125 0.4798615555555556 0.010000000000000009 0.05000000000000002
3 0.635234375 0.4825694444444445 0.012499999999999956 0.04555599999999998
3 0.704140625 0.26493044444444447 0.020625000000000004 0.11111100000000002
3 0.7024609375 0.46347200000000005 0.014374999999999916 0.06333399999999997
3 0.8117578125 0.5125002222222222 0.010624999999999996 0.06999999999999999
3 0.8459375 0.2940968888888889 0.01749999999999996 0.12333399999999999
3 0.8958203125 0.06597222222222222 0.026874999999999982 0.132222
