0 0.083984375 0.90817675 0.169375 0.18083400000000008
0 0.111328125 0.470833 0.22375 0.12583399999999992
0 0.1259765625 0.650417 0.253125 0.18999999999999995
0 0.1279296875 0.5238020833333333 0.256875 0.12916699999999995
0 0.1826171875 0.70328125 0.365625 0.35333299999999995
0 0.3196875 0.47036425 0.20437499999999997 0.16500000000000004
0 0.55171875 0.6326041666666667 0.336875 0.2566669999999999
0 0.61109375 0.7068753333333334 0.39937500000000004 0.3875
0 0.46453125 0.4509899166666667 0.10312499999999997 0.15499999999999994
0 0.470078125 0.49802083333333336 0.09937499999999999 0.15333300000000002
0 0.5120703125 0.5075520833333332 0.181875 0.19083300000000003
0 0.476484375 0.46119825 0.10625000000000001 0.16583300000000012
0 0.8253515625 0.8276038333333333 0.34687500000000004 0.3408340000000001
0 0.7099609375 0.4601041666666667 0.10875000000000001 0.13249999999999998
0 0.75234375 0.560625 0.15000000000000002 0.15833299999999997
0 0.8848046875 0.6107288333333334 0.1937500000000001 0.24583399999999989
0 0.90359375 0.71276075 0.08750000000000002 0.24250000000000002
0 0.91625 0.4684378333333334 0.06437499999999996 0.09000000000000001
