4 0.03125 0.778850073313783 0.063281 0.438453
4 0.0556640625 0.7278834457478006 0.1125 0.539273
4 0.16210887499999999 0.7381298621700879 0.24609400000000003 0.500586
4 0.29531225 0.7328626187683284 0.164844 0.529895
4 0.457421375 0.7360822404692082 0.262501 0.515827
4 0.5349609375 0.6598462140762463 0.07734400000000002 0.39742099999999997
4 0.6302736875 0.7275819648093841 0.132031 0.5111370000000001
4 0.688672125 0.6692252140762462 0.06796800000000003 0.39624800000000004
4 0.7646479375 0.695615073313783 0.13906299999999994 0.43728
4 0.8248046875 0.6821243167155425 0.10078100000000001 0.410316
4 0.8880856875 0.6522174574780059 0.1007809999999999 0.368113
4 0.933202875 0.6434198035190616 0.09062500000000007 0.350528
4 0.9716791875 0.6243685278592376 0.05390699999999993 0.3481829999999999
