3 0.1469140625 0.4940474480234261 0.019375000000000003 0.058160999999999956
3 0.3243359375 0.6883716442166911 0.014374999999999971 0.01688500000000004
3 0.3265625 0.6008751903367496 0.015625 0.05159500000000012
3 0.5049609374999999 0.6369340614934115 0.014374999999999971 0.04784299999999997
3 0.53609375 0.43769234992679357 0.024374999999999925 0.07879900000000004
3 0.5328125 0.6388110614934114 0.015625 0.047841999999999996
3 0.6370703125 0.42789947877013174 0.02562500000000001 0.08067499999999998
3 0.8433203125 0.5913098345534408 0.02562500000000001 0.06566599999999999
3 0.844140625 0.6652614172767203 0.020625000000000004 0.032832999999999994
3 0.9314453125 0.5520682518301611 0.02562500000000001 0.09943699999999996
