3 0.025885750000000003 0.621171875 0.024999999999999994 0.02749999999999997
3 0.33005175 0.603984375 0.02500000000000006 0.04437499999999994
3 0.3904166666666667 0.60578125 0.022499999999999964 0.04062499999999991
3 0.5477083333333334 0.6046484375 0.010833000000000018 0.030625000000000013
3 0.55973925 0.6331640625 0.009166999999999925 0.018749999999999933
3 0.5766145833333334 0.610546875 0.018333000000000006 0.028749999999999942
3 0.5990104166666667 0.6096484375 0.013332999999999892 0.030625000000000013
3 0.6254690833333334 0.6380859375 0.004999999999999967 0.01375000000000004
3 0.6567711666666667 0.635234375 0.006665999999999987 0.011874999999999969
3 0.66890625 0.6362109375 0.009167 0.013749999999999929
3 0.7568753333333333 0.6309375 0.011665999999999954 0.016874999999999973
3 0.7752083333333334 0.6271875 0.011666999999999947 0.01749999999999996
3 0.97755175 0.63109375 0.02499999999999991 0.023749999999999938
