1 0.020078125 0.3957759633967789 0.035625 0.06941899999999998
1 0.3885546875 0.5262937247437774 0.475 0.26735500000000006
1 0.5449609375 0.49701114787701317 0.35874999999999996 0.20825499999999997
1 0.698828125 0.47028911713030747 0.34875 0.18480300000000005
1 0.7748828125 0.42213028257686674 0.19874999999999998 0.12007499999999999
1 0.842109375 0.42366450951683743 0.13749999999999996 0.10506600000000008
1 0.8815234375 0.431993251830161 0.09312500000000001 0.09849900000000006
1 0.900703125 0.4173519633967789 0.0675 0.06941900000000002
1 0.9269140625 0.41694009224011713 0.08062500000000006 0.07129499999999998
1 0.95734375 0.41900044802342606 0.05624999999999991 0.05816100000000004
