1 0.05876068376068376 0.5255208333333333 0.117949 0.1197919999999999
1 0.060897435897435896 0.44661424999999993 0.12222199999999998 0.039584000000000064
1 0.1527781623931624 0.43828158333333334 0.07521299999999997 0.02083300000000003
1 0.30918815384615383 0.45625 0.05897400000000005 0.0625
1 0.4320508034188035 0.4726565833333334 0.10854699999999992 0.08333299999999995
1 0.42350429059829064 0.4888020833333333 0.08119699999999991 0.06666699999999996
1 0.4899574017094017 0.4739583333333333 0.05384600000000006 0.07291700000000005
1 0.5245731452991453 0.46744825000000007 0.042734999999999926 0.070833
1 0.558760641025641 0.48125 0.03418799999999996 0.03229199999999999
1 0.6074786837606838 0.4666666666666666 0.117949 0.054167000000000076
1 0.5715811452991453 0.4578125 0.04102599999999992 0.04791699999999999
1 0.7431627692307693 0.44999966666666663 0.03931599999999995 0.05312500000000001
1 0.8611108632478632 0.48750033333333337 0.22649599999999992 0.10625000000000002
1 0.9653847777777778 0.4604163333333333 0.05641000000000011 0.04270900000000003
1 0.980769264957265 0.4317705 0.03162399999999997 0.015625
