2 0.5250528557213929 0.8405116875 0.310691 0.131803
2 0.5074352437810945 0.412191375 0.10133599999999994 0.07540999999999998
2 0.6657657280265341 0.101605125 0.35412 0.19278700000000001
2 0.6335023631840796 0.7174299375 0.18931 0.07737700000000003
2 0.6731914908789386 0.6197398125 0.14810700000000007 0.07344200000000001
2 0.6688324925373135 0.6931818125 0.12138100000000002 0.07409900000000003
2 0.6903913648424544 0.5066035 0.16258400000000003 0.07868799999999998
2 0.6971693665008292 0.5908729375 0.13919800000000002 0.07737699999999992
2 0.7154357396351576 0.38198475 0.16815100000000002 0.08721400000000001
2 0.7133279917081261 0.4629900625 0.1358579999999999 0.08196699999999996
2 0.7526563631840796 0.22586325 0.19153700000000007 0.102295
2 0.748891240464345 0.3252424375 0.15367499999999998 0.09245900000000001
