3 0.3534375 0.3162503333333333 0.04812499999999997 0.10500000000000005
3 0.3835546875 0.3948955 0.03750000000000003 0.07916699999999999
3 0.411015625 0.6687496666666667 0.020625000000000004 0.022500000000000114
3 0.4163671875 0.6047913333333333 0.022499999999999964 0.07333400000000001
3 0.7866796875 0.6473434166666666 0.006250000000000089 0.01416700000000004
3 0.8773046875 0.6561455 0.006249999999999978 0.016666999999999987
3 0.89265625 0.63088575 0.008749999999999925 0.024165999999999983
3 0.906953125 0.6581774166666666 0.004375000000000018 0.01500000000000005
3 0.9366796875 0.6628125 0.006249999999999978 0.015832999999999986
3 0.94265625 0.63921875 0.009375000000000022 0.02416700000000005
