1 0.49515625 0.5027128184480234 0.79 0.816135
1 0.0309375 0.06387731918008785 0.04875 0.054408999999999985
1 0.117421875 0.1753614055636896 0.215 0.21388400000000002
1 0.091171875 0.10567944802342606 0.15375 0.05816200000000001
1 0.2944140625 0.11516598828696924 0.17437500000000003 0.182927
1 0.566015625 0.11780434992679358 0.20875 0.0788
1 0.81 0.28492533235724743 0.37687499999999996 0.34990600000000005
1 0.8824609375 0.2070807672035139 0.23312500000000003 0.10975600000000003
1 0.9359375 0.13036806149341143 0.10999999999999999 0.047841999999999996
1 0.9527734375 0.14180941727672036 0.09250000000000003 0.032832999999999994
