3 0.0674609375 0.2427547057101025 0.015 0.061913000000000024
3 0.288984375 0.45384964421669105 0.011874999999999969 0.015009000000000005
3 0.4225390625 0.280163448023426 0.019374999999999976 0.05816200000000001
3 0.5090625 0.2759995768667643 0.01750000000000007 0.060037000000000035
3 0.532578125 0.27414951537335286 0.0050000000000000044 0.014070999999999986
3 0.624453125 0.4884453865300147 0.004999999999999893 0.011256999999999934
3 0.698984375 0.41877293265007326 0.013125000000000053 0.04596599999999988
3 0.7019140625 0.3318727057101025 0.018125000000000058 0.062851
3 0.7118359375 0.46135464421669103 0.015000000000000013 0.01688500000000004
3 0.7764453125 0.23151492679355784 0.057499999999999996 0.135085
3 0.827578125 0.35937531918008786 0.03687499999999999 0.05347099999999999
3 0.9254296875 0.4061650614934114 0.007500000000000062 0.049719000000000006
3 0.9844921875 0.12606299414348462 0.02312499999999995 0.09287100000000001
