3 0.2326171875 0.5151559166666666 0.023125000000000007 0.029167000000000092
3 0.4534375 0.48484375 0.01687500000000003 0.05583300000000002
3 0.45328125 0.5363538333333334 0.00874999999999998 0.027500000000000007
3 0.520703125 0.5510413333333334 0.004374999999999907 0.011666999999999947
3 0.5879296875 0.5918753333333334 0.006250000000000089 0.010832999999999945
3 0.61109375 0.31796875 0.024375000000000036 0.08833300000000004
3 0.6395703125 0.32213575 0.026875000000000093 0.08666599999999998
3 0.677265625 0.3494274166666667 0.020625000000000004 0.075833
3 0.6946875 0.35182325 0.015625 0.07083300000000008
3 0.9721875 0.4261458333333334 0.016874999999999973 0.05833299999999997
