2 0.354792 0.3327734375 0.28250000000000003 0.12312499999999998
2 0.37609375000000006 0.606796875 0.24416700000000005 0.15374999999999994
2 0.3879690833333333 0.21875 0.253333 0.09562500000000002
2 0.387708 0.829375 0.22083400000000006 0.156875
2 0.38286458333333334 0.47578125 0.20749999999999993 0.10249999999999998
2 0.3908850833333333 0.9708203125 0.19166699999999995 0.05687500000000001
2 0.6310934166666667 0.881875 0.20249999999999999 0.09375
2 0.6499996666666666 0.8062109375 0.08416700000000003 0.04625000000000001
2 0.7184378333333333 0.693046875 0.09083299999999994 0.02750000000000008
2 0.7351565833333332 0.4248046875 0.11333300000000006 0.07
2 0.8535413333333333 0.050234375 0.1366670000000001 0.075
