1 0.5173046875 0.5419284626647145 0.85125 0.8311439999999999
1 0.056640625 0.15319789604685213 0.114375 0.111632
1 0.2310546875 0.24851418448023424 0.131875 0.14071299999999998
1 0.28421874999999996 0.19791006149341142 0.11812500000000001 0.049719000000000006
1 0.3726171875 0.25441485944363107 0.21000000000000002 0.18011300000000002
1 0.4837890625 0.22827083455344072 0.08187500000000003 0.06472800000000001
1 0.47484375 0.09167854612005856 0.02437499999999998 0.036585
1 0.612265625 0.793296448023426 0.05249999999999999 0.057224000000000115
1 0.8442578125 0.06163360761346998 0.135625 0.082551
1 0.9137109375 0.27880485944363104 0.17062500000000003 0.17917499999999997
