3 0.10515625 0.6283253046062407 0.008749999999999994 0.018078000000000084
3 0.1091796875 0.5453647251114413 0.0062500000000000056 0.03330199999999997
3 0.12640625 0.5434617251114413 0.008124999999999993 0.03330200000000006
3 0.2551171875 0.5065892615156018 0.023125000000000007 0.04662200000000006
3 0.38015625 0.5839576092124815 0.009375000000000022 0.037107999999999905
3 0.3935546875 0.6400426523031203 0.006249999999999978 0.009515000000000079
3 0.49828125 0.5928209569093611 0.008124999999999938 0.02759300000000008
3 0.536328125 0.6040044205052005 0.0050000000000000044 0.01617500000000012
3 0.5548828125 0.548519072808321 0.010000000000000009 0.02664100000000001
3 0.6779296875 0.6205965364041605 0.006249999999999978 0.013319999999999999
3 0.684453125 0.6105466523031203 0.005624999999999991 0.01046699999999998
3 0.6962109375 0.6092963046062407 0.01375000000000004 0.018077999999999917
3 0.7592578125 0.6116154205052007 0.010624999999999996 0.01617599999999996
3 0.7896875 0.5325786092124815 0.01749999999999996 0.03710699999999998
3 0.8855078125 0.5863954933135215 0.010000000000000009 0.04091299999999999
3 0.91015625 0.5940074933135214 0.009375000000000022 0.040913000000000165
3 0.914609375 0.6279081887072808 0.012500000000000067 0.021884000000000015
8 0.5366015625 0.6964542912332837 0.06625000000000003 0.09609900000000006
8 0.715 0.6302283046062407 0.03187499999999999 0.01998100000000005
8 0.7176171875 0.6766687251114413 0.02312499999999995 0.033301000000000046
