1 0.01911764705882353 0.7080859375 0.04049 0.04625000000000001
1 0.060294117647058824 0.8824609375 0.123352 0.10812500000000003
1 0.07065211764705882 0.8353515625 0.12335199999999999 0.06500000000000006
1 0.1363966470588235 0.7180859375 0.09039500000000002 0.0462499999999999
1 0.17059088235294118 0.67578125 0.08003799999999998 0.03937500000000005
1 0.20779017647058826 0.589921875 0.05649799999999999 0.028749999999999942
1 0.20220405882352943 0.5326953125 0.03672399999999999 0.02562500000000001
1 0.27138558823529413 0.980078125 0.154426 0.03562500000000002
1 0.3112192352941176 0.945234375 0.19303200000000006 0.10562500000000008
1 0.2951705294117647 0.763125 0.118644 0.06312499999999999
1 0.31436264705882355 0.686484375 0.08945399999999996 0.04437499999999994
1 0.30748600000000004 0.536796875 0.05178899999999996 0.02750000000000008
1 0.3190183529411765 0.5978515625 0.06402999999999996 0.03437499999999993
1 0.854237 0.5534765625 0.20244799999999993 0.06500000000000006
1 0.9352497647058823 0.64625 0.05932200000000006 0.03249999999999997
1 0.9650855294117646 0.66078125 0.06779599999999997 0.03937500000000005
5 0.10385205882352941 0.5484765625 0.08757099999999998 0.06500000000000006
5 0.48942917647058826 0.6544921875 0.15724999999999992 0.11624999999999996
