1 0.2490625 0.4198651351351351 0.016250000000000014 0.022701999999999993
1 0.2943359375 0.4258783243243243 0.04625000000000001 0.02486500000000004
1 0.4862890625 0.41614832432432436 0.04999999999999999 0.02702699999999997
1 0.4935546875 0.38885156756756756 0.00687500000000002 0.01297300000000004
1 0.501953125 0.39101356756756755 0.0050000000000000044 0.01081100000000006
1 0.5068359375 0.40567575675675677 0.015000000000000013 0.015134999999999971
1 0.52140625 0.39871594594594595 0.008125000000000049 0.01729799999999997
1 0.7670703125 0.5910137297297298 0.46375 0.33729700000000007
1 0.54921875 0.4427025135135135 0.024375000000000036 0.029189000000000048
1 0.56390625 0.40905413513513517 0.008749999999999925 0.021621999999999975
1 0.5841796875 0.456216027027027 0.03749999999999998 0.05513500000000003
1 0.6156640625 0.5206082432432432 0.08124999999999993 0.11243200000000005
1 0.7040234375 0.4899321081081081 0.09187500000000004 0.09297300000000006
1 0.8087890625 0.5254050810810811 0.17437499999999995 0.16432499999999997
1 0.90921875 0.6240538918918919 0.18000000000000005 0.286487
8 0.889765625 0.6002031891891892 0.1775 0.254054
8 0.4857421875 0.4201348918918919 0.053750000000000075 0.035676000000000006
8 0.5457421875 0.44141845945945957 0.021874999999999978 0.04432499999999989
8 0.580859375 0.4509464054054055 0.04375000000000007 0.061621000000000016
8 0.7059765625 0.4910131081081081 0.09750000000000003 0.09297300000000006
8 0.8053125 0.5315536486486486 0.171875 0.174054
