3 0.055732932650073216 0.4409911875 0.045966 0.08505400000000002
3 0.06980393265007322 0.6255683125 0.04408999999999999 0.05816200000000005
3 0.09643864421669106 0.6488385 0.015948000000000004 0.015634000000000037
3 0.17805264421669106 0.61084275 0.015947000000000024 0.023765000000000036
3 0.29895138653001463 0.657516375 0.010319 0.011882999999999977
3 0.3259720307467057 0.577303125 0.02345199999999997 0.035646999999999984
3 0.3270943865300146 0.6447349375 0.010319000000000042 0.01500900000000005
3 0.3800824172767204 0.6329961875 0.03283400000000005 0.05315800000000004
3 0.5458959019033675 0.6142441875 0.020638 0.022514000000000034
3 0.6690835153733529 0.660643375 0.01313299999999997 0.011882999999999977
3 0.8979505768667643 0.4767153125 0.05909899999999993 0.08880600000000005
3 0.9638710307467057 0.5831284375 0.023452000000000094 0.030644000000000005
