3 0.2290234375 0.38979347445255474 0.029374999999999984 0.09150299999999999
3 0.2629296875 0.5984539781021897 0.006249999999999978 0.02054200000000004
3 0.281328125 0.6360914160583941 0.0050000000000000044 0.013071999999999993
3 0.3303515625 0.6621167080291971 0.003750000000000031 0.007469999999999963
3 0.336328125 0.6455471240875913 0.0050000000000000044 0.01960799999999995
3 0.346328125 0.665851708029197 0.004375000000000018 0.0074700000000001284
3 0.3634765625 0.6673115620437956 0.0025000000000000022 0.009337000000000095
3 0.369453125 0.6496892700729927 0.005624999999999991 0.01587300000000005
3 0.4295703125 0.4139507664233576 0.026874999999999982 0.08590100000000005
3 0.6320703125 0.5629366204379562 0.026874999999999982 0.08870200000000002
5 0.4990234375 0.6309795182481752 0.218125 0.4500469999999999
