1 0.38506592679355783 0.5781255 0.13616400000000004 0.04785100000000009
1 0.02635419033674963 0.4755861875 0.051245 0.02246100000000001
1 0.06442196339677893 0.499023625 0.068814 0.020508000000000026
1 0.09956044802342606 0.4638675 0.05710100000000002 0.017578000000000038
1 0.11127393265007321 0.478515625 0.046852 0.020508000000000026
1 0.19180131918008786 0.46972675 0.054171999999999984 0.02441399999999999
1 0.24450925183016106 0.52050825 0.09809699999999999 0.04003900000000005
1 0.26207909224011716 0.4931643125 0.07320600000000003 0.02734300000000006
1 0.4084919941434846 0.4990235625 0.09077600000000005 0.03417999999999999
1 0.4875553806734993 0.5107424375 0.101024 0.029297000000000073
1 0.5387994421669107 0.5380860625 0.14641300000000004 0.04980499999999999
1 0.8448024729136164 0.5400391875 0.171303 0.05468699999999993
