1 0.370390625 0.792109375 0.33375 0.13812499999999994
1 0.052734375 0.788125 0.106875 0.12625000000000008
1 0.0992578125 0.7409375 0.10375 0.078125
1 0.1657421875 0.7482421875 0.053125000000000006 0.05312499999999998
1 0.540546875 0.7474609375 0.02749999999999997 0.01375000000000004
1 0.5725 0.7781640625 0.06437499999999996 0.04999999999999993
1 0.563203125 0.7520703125 0.036250000000000004 0.026874999999999982
1 0.6023828125 0.770234375 0.04125000000000001 0.04437499999999994
1 0.6053515625 0.759375 0.034375000000000044 0.03249999999999997
1 0.6261328125 0.7614453125 0.010000000000000009 0.02562500000000001
1 0.64484375 0.763515625 0.023749999999999938 0.020625000000000004
1 0.7280859375 0.7730078125 0.10750000000000004 0.04250000000000009
1 0.8953125 0.80671875 0.1725000000000001 0.05499999999999994
1 0.8834375 0.7694140625 0.01749999999999996 0.018750000000000044
1 0.9809765625 0.7890625 0.034375000000000044 0.015625
