3 0.190546875 0.74744825 0.027499999999999997 0.10333300000000012
3 0.1951953125 0.8137500000000001 0.02687500000000001 0.06499999999999995
3 0.1953125 0.9637496666666667 0.015625 0.02166699999999988
3 0.2012890625 0.912083 0.018125000000000002 0.0650000000000001
3 0.2498046875 0.928125 0.007500000000000007 0.03333300000000013
3 0.28453125 0.91703125 0.00874999999999998 0.040832999999999973
3 0.38390625 0.9205208333333333 0.00874999999999998 0.027500000000000007
3 0.4179296875 0.9443229166666667 0.006250000000000033 0.030833000000000037
3 0.4698828125 0.4659899166666666 0.04124999999999995 0.15500000000000003
3 0.4866796875 0.94838575 0.0068749999999999645 0.024165999999999983
3 0.54453125 0.8922395833333333 0.009375000000000022 0.051666999999999984
3 0.5516796875 0.9891145833333334 0.006250000000000089 0.019167000000000083
3 0.59640625 0.9367187500000002 0.008749999999999925 0.025832999999999846
3 0.6192578125 0.9321878333333333 0.010624999999999996 0.02833300000000009
3 0.6329296875 0.9052600833333333 0.007499999999999951 0.034999999999999996
3 0.64265625 0.9768229166666668 0.009374999999999911 0.030833000000000037
3 0.6560546875 0.9959371666666668 0.006250000000000089 0.0058339999999999686
3 0.7621875 0.6045309166666666 0.04874999999999996 0.12333400000000012
3 0.771484375 0.9582809166666667 0.011874999999999969 0.06000000000000005
3 0.914921875 0.8341666666666666 0.028124999999999956 0.08583300000000005
3 0.9175390625 0.9838538333333333 0.018125000000000058 0.02833400000000008
