3 0.0665625 0.3591062734082397 0.04875 0.029975999999999992
3 0.0874609375 0.6306146142322097 0.015 0.028777000000000105
3 0.1776171875 0.34741191011235956 0.05374999999999999 0.04676299999999999
3 0.4092578125 0.6940152958801499 0.010624999999999996 0.019185000000000042
3 0.4353515625 0.6873466367041199 0.0037499999999999756 0.016786999999999948
3 0.4549609375 0.6479938876404494 0.013749999999999984 0.058752999999999986
3 0.4694140625 0.6140573183520599 0.018125000000000002 0.009591999999999953
3 0.5171875 0.6135319775280899 0.015625 0.011990000000000047
3 0.7911328125 0.4740659550561798 0.04249999999999998 0.023980999999999912
3 0.7868359375 0.6190685692883896 0.013749999999999929 0.04916100000000003
3 0.8092578125 0.6890709775280898 0.010000000000000009 0.014389000000000067
3 0.8897265625 0.46807095505617974 0.03374999999999995 0.025178999999999983
