1 0.048828125 0.12875033333333333 0.09875 0.10499999999999998
1 0.255859375 0.41973924999999995 0.511875 0.5083340000000001
1 0.4744921875 0.5686975833333333 0.8975 0.7074999999999999
1 0.14296875 0.1313545 0.15 0.111666
1 0.30296875 0.10828091666666667 0.05562499999999998 0.06
1 0.3985546875 0.10286425 0.03875000000000001 0.03916699999999999
1 0.523203125 0.12723958333333332 0.06687500000000002 0.05000000000000001
1 0.5958593750000001 0.17890625000000002 0.200625 0.134167
1 0.6220703125 0.11833366666666667 0.12 0.085833
1 0.7024609375 0.1398955 0.07624999999999993 0.079167
1 0.8770703125 0.7106253333333333 0.244375 0.5750000000000001
1 0.883984375 0.214792 0.23062499999999997 0.15833299999999997
1 0.9666015625 0.15692741666666665 0.06500000000000006 0.07750000000000001
