3 0.15140625 0.0390625 0.04000000000000001 0.079167
3 0.2503515625 0.7156774166666667 0.0037499999999999756 0.014999999999999977
3 0.2542578125 0.6321878333333334 0.010000000000000009 0.027500000000000007
3 0.26078125 0.7123434166666667 0.009374999999999967 0.014999999999999977
3 0.38328125 0.6234899166666666 0.008124999999999993 0.03083299999999996
3 0.39640625 0.6234899166666666 0.008124999999999993 0.03083299999999996
3 0.4786328125 0.6404166666666667 0.010624999999999996 0.022499999999999964
3 0.498046875 0.2831246666666667 0.02749999999999997 0.116667
3 0.49453125 0.64005175 0.008125000000000049 0.024166999999999977
3 0.67390625 0.7151041666666668 0.008124999999999938 0.006666999999999905
3 0.7089453125 0.28979166666666667 0.02562500000000001 0.115833
