0 0.6902734375 0.802917 0.09187499999999993 0.3133329999999999
0 0.2908203125 0.5914586666666666 0.05687500000000001 0.11583300000000014
0 0.3396875 0.5271871666666667 0.015625 0.06833400000000005
0 0.3607421875 0.5516666666666666 0.023125000000000007 0.08499999999999996
0 0.4216796875 0.8600517499999999 0.13187499999999996 0.27583400000000013
0 0.413046875 0.5016663333333333 0.02812500000000001 0.04333400000000006
0 0.4973828125 0.6611979166666666 0.04124999999999995 0.12250000000000005
0 0.5453125 0.7152604166666666 0.07874999999999999 0.20166700000000012
0 0.5443359375 0.54255175 0.014375000000000027 0.024166999999999977
0 0.8065234375 0.7049475833333334 0.3425 0.27
0 0.8920703125 0.9442184166666667 0.21375 0.108334
0 0.9816015625 0.89255175 0.034375000000000044 0.15000000000000005
