3 0.1519140625 0.4256229351032449 0.01874999999999999 0.08309699999999999
3 0.174765625 0.5081981887905606 0.01999999999999999 0.033049999999999975
3 0.1837890625 0.4293999351032448 0.019375000000000003 0.08309699999999999
3 0.2254296875 0.4847080412979351 0.007500000000000007 0.03871499999999997
3 0.232265625 0.3856031976401181 0.020625000000000004 0.11237
3 0.5340625 0.2989167463126844 0.01749999999999996 0.05287999999999997
3 0.6187109375 0.336157820058997 0.014375000000000027 0.049102999999999994
3 0.6868359375 0.3696218938053097 0.013749999999999929 0.04627000000000008
3 0.776484375 0.5008778938053098 0.013124999999999942 0.04627
3 0.8903125 0.05014749262536873 0.0475000000000001 0.10103899999999999
