1 0.0595703125 0.6876038333333333 0.120625 0.09083399999999993
1 0.203125 0.7636458333333334 0.40625 0.3083329999999999
1 0.4296875 0.7009895833333334 0.14249999999999996 0.11333300000000006
1 0.488359375 0.6808850833333334 0.04375000000000001 0.06666699999999996
1 0.5112109375 0.6769274166666667 0.04499999999999993 0.07583299999999997
1 0.52984375 0.67067675 0.02375000000000005 0.055000000000000014
1 0.5658203125 0.695208 0.026249999999999996 0.09416699999999996
8 0.0859375 0.6642711666666666 0.171875 0.13083299999999998
8 0.2021484375 0.7377604166666666 0.404375 0.32583300000000004
8 0.4257421875 0.7048434166666667 0.14750000000000002 0.13916700000000004
