3 0.0048828125 0.1961655402635432 0.01 0.12851800000000002
3 0.049296875 0.3876056383601757 0.028125000000000004 0.10600399999999996
3 0.20328125 0.15568834407027818 0.04000000000000001 0.16697900000000002
3 0.223125 0.2721505402635432 0.033125000000000016 0.126642
3 0.3175 0.302581411420205 0.03249999999999997 0.123828
3 0.3915625 0.4913467057101025 0.015625 0.06285199999999998
3 0.3957421875 0.5548650307467057 0.021874999999999978 0.02439000000000007
3 0.427734375 0.12097834407027819 0.044375 0.169794
3 0.4276171875 0.49427496339677895 0.021874999999999978 0.06848099999999997
3 0.6268359375 0.09951660175695462 0.04500000000000004 0.174484
3 0.8406640625 0.07613469985358712 0.04937499999999995 0.154784
