1 0.424296875 0.6373958333333333 0.46499999999999997 0.1200000000000001
1 0.3170703125 0.9129684166666667 0.08875 0.170834
1 0.316171875 0.39088575 0.027500000000000024 0.025833000000000068
1 0.4158984375 0.8748961666666667 0.09312500000000001 0.161666
1 0.508984375 0.8479166666666668 0.10625000000000001 0.1483329999999999
1 0.600625 0.82119825 0.125 0.16500000000000004
1 0.67375 0.8065104166666668 0.125625 0.1391669999999999
1 0.7219921875 0.5869788333333333 0.08499999999999996 0.05833399999999996
1 0.7604296875 0.5777086666666666 0.07000000000000006 0.053333
1 0.79796875 0.5734375 0.05625000000000002 0.04833299999999996
1 0.8566015625 0.5596354166666666 0.06625000000000003 0.04666700000000009
