1 0.0224609375 0.5199015768667643 0.045625 0.0590999999999999
1 0.1020703125 0.5255305768667643 0.05750000000000001 0.06003699999999999
1 0.190234375 0.5250745461200585 0.043125 0.03658499999999998
1 0.25082031250000003 0.5271780614934114 0.05750000000000002 0.04971900000000009
1 0.4640234375 0.540951448023426 0.06124999999999997 0.05816200000000001
1 0.56234375 0.5388910922401171 0.08750000000000002 0.07317100000000001
1 0.670546875 0.5489825768667643 0.08999999999999997 0.05909899999999993
1 0.7534375 0.548683963396779 0.078125 0.06941899999999986
1 0.844921875 0.5577673499267936 0.09124999999999994 0.076923
1 0.9809765625 0.5734167364568082 0.034375000000000044 0.0863039999999999
