0 0.2828515625 0.6151041666666667 0.159375 0.13249999999999992
0 0.0799609375 0.52755175 0.014374999999999999 0.025834000000000062
0 0.2196875 0.5851565833333333 0.11124999999999999 0.11416599999999999
0 0.226953125 0.5752604166666666 0.09812499999999999 0.07750000000000005
0 0.34625 0.5784378333333332 0.09437499999999999 0.09000000000000015
0 0.3911328125 0.5394270833333333 0.04125000000000001 0.03416700000000006
0 0.4275390625 0.5780729166666666 0.11249999999999999 0.0916670000000001
0 0.45359375 0.5714065833333334 0.08625 0.05166599999999999
0 0.492421875 0.56734375 0.028749999999999942 0.05666699999999988
0 0.709375 0.5418746666666666 0.06312499999999999 0.05333399999999999
0 0.7087890625 0.5344270833333332 0.04937500000000006 0.03416700000000006
0 0.765390625 0.5463024166666667 0.051875000000000004 0.04666600000000002
0 0.84765625 0.5291663333333334 0.07187500000000002 0.04333399999999991
