2 0.16671875 0.7621915344070278 0.21125000000000002 0.21763600000000002
2 0.26859375 0.4750587188872621 0.33749999999999997 0.35741100000000003
2 0.298515625 0.942540767203514 0.11375000000000002 0.11069399999999989
2 0.297734375 0.11956709224011712 0.04375000000000001 0.07316999999999999
2 0.3744921875 0.7789191171303075 0.17812499999999998 0.18480299999999997
2 0.3759375 0.22371231332357244 0.11125000000000002 0.146341
2 0.42390625 0.638846503660322 0.16499999999999998 0.19605999999999998
2 0.486796875 0.3830211786237189 0.27812499999999996 0.232645
2 0.48578125 0.5207253191800878 0.03937499999999999 0.053471000000000074
2 0.6578125 0.25712331918008785 0.26625 0.05347099999999999
