3 0.0619140625 0.7337496666666666 0.019374999999999996 0.022499999999999964
3 0.070390625 0.6980725833333333 0.020625000000000004 0.04999999999999997
3 0.1176953125 0.5172913333333333 0.026874999999999996 0.07416700000000002
3 0.1643359375 0.6940104166666666 0.014374999999999999 0.014999999999999977
3 0.1812109375 0.6798961666666666 0.014374999999999999 0.03749999999999994
3 0.3680078125 0.63171875 0.010000000000000009 0.024167000000000122
3 0.4986328125 0.6891145833333333 0.010000000000000009 0.019166999999999934
3 0.5684375 0.25593716666666666 0.046875 0.131667
3 0.6092578125 0.680625 0.010624999999999996 0.03250000000000005
3 0.6123828125 0.71140625 0.010000000000000009 0.009167
3 0.6481640625 0.5542705 0.01937499999999992 0.04749999999999995
3 0.700703125 0.71890625 0.005624999999999991 0.008332999999999924
3 0.819765625 0.6397395833333334 0.020624999999999893 0.05166700000000005
3 0.8444140625 0.6867187500000002 0.018125000000000058 0.025832999999999846
3 0.89125 0.5442190833333332 0.03249999999999997 0.06666600000000004
