1 0.189296875 0.6230211666666666 0.09125 0.06916599999999999
1 0.2256640625 0.6371871666666666 0.11249999999999996 0.06916700000000005
1 0.25105468750000004 0.6760420000000001 0.1625 0.09499999999999997
1 0.3773046875 0.6193229166666666 0.03875000000000001 0.029167000000000016
1 0.4111328125 0.6215621666666666 0.07250000000000001 0.03750000000000001
1 0.4869140625 0.6523955 0.14437500000000003 0.07916699999999999
1 0.735625 0.628958 0.03125 0.033333999999999975
1 0.7848828125 0.6366149166666667 0.07374999999999998 0.06166599999999992
1 0.776640625 0.6107291666666667 0.051875000000000004 0.036667000000000005
1 0.8529296875 0.63182325 0.10062500000000008 0.07166600000000001
1 0.9461328125 0.6481253333333333 0.10499999999999998 0.07416600000000002
