0 0.502792420204978 0.6097265625 0.9896809999999999 0.47187499999999993
0 0.14019637481698388 0.51296875 0.19230799999999998 0.05500000000000005
0 0.1615967364568082 0.5100390625 0.08724200000000003 0.04937500000000006
0 0.46945744363103953 0.5869921874999999 0.6238279999999999 0.27187500000000003
0 0.4386234187408492 0.596796875 0.512195 0.24749999999999994
0 0.4419193879941435 0.5839453125 0.48686700000000005 0.24562500000000004
0 0.4482848111273793 0.5773828125 0.428705 0.198125
0 0.4992471420204978 0.5298046875 0.30018799999999995 0.22562499999999996
0 0.5680611976573938 0.5813671874999999 0.43902500000000005 0.210625
0 0.5503773938506589 0.5655078124999999 0.397749 0.16687500000000005
0 0.4887707247437774 0.5284375 0.26923 0.14187499999999997
0 0.506523626647145 0.4861328125 0.28986900000000004 0.10437499999999994
0 0.51416882284041 0.5431640625 0.24671700000000005 0.14375
