1 0.4903125 0.4743682415812592 0.89125 0.7579739999999999
1 0.044921875 0.7714418418740849 0.09 0.453096
1 0.0634765625 0.07339079795021962 0.12875 0.133208
1 0.17878906249999998 0.04786022108345534 0.11187499999999999 0.075047
1 0.2896484375 0.04095144802342606 0.12437499999999999 0.056284999999999995
1 0.3948046875 0.05127044802342606 0.10125 0.057223
1 0.487109375 0.052892994143484626 0.106875 0.090994
1 0.7475 0.2721081669106881 0.5018750000000001 0.41557200000000005
1 0.5775 0.05063106149341142 0.09375 0.049718
1 0.649921875 0.04893841727672035 0.08999999999999997 0.034709000000000004
1 0.7023046875 0.04387970571010249 0.09999999999999998 0.061914
1 0.8481640625 0.15773998243045387 0.30062500000000003 0.272983
1 0.94234375 0.045186417276720355 0.05624999999999991 0.034709000000000004
1 0.98734375 0.050586901903367495 0.02375000000000005 0.021576
