3 0.144782875 0.5761514480234261 0.028888999999999998 0.05666699999999997
3 0.336736 0.6024137057101026 0.03222200000000003 0.06166599999999994
3 0.4082158125 0.6977253865300146 0.010000000000000009 0.011667000000000033
3 0.456397125 0.6877724172767203 0.005556000000000005 0.035000000000000045
3 0.521987625 0.3245314787701317 0.020000000000000018 0.08166700000000007
3 0.561953125 0.6552489019033675 0.005555999999999894 0.023332999999999927
3 0.6807076875 0.6352489019033675 0.007778000000000063 0.02166700000000001
3 0.7237718125 0.5579742884333821 0.010000000000000009 0.03166699999999999
3 0.7880514375 0.5945314787701319 0.062222 0.08166699999999986
3 0.839192375 0.6635819019033675 0.013333999999999957 0.02166700000000001
3 0.8693268125 0.6144384172767204 0.01111200000000001 0.03333399999999996
3 0.8804388125 0.571151448023426 0.010000000000000009 0.05666700000000005
3 0.982526375 0.6552489019033675 0.01333300000000004 0.02166700000000001
