2 0.1071484375 0.21476277511244377 0.12312500000000001 0.20269
2 0.11304687499999999 0.5381672668665667 0.1225 0.13736800000000002
2 0.27835937499999996 0.49903252773613194 0.136875 0.22190200000000004
2 0.275703125 0.20934927736131934 0.130625 0.22094099999999997
2 0.2802734375 0.7937807736131932 0.12312499999999998 0.19020100000000006
2 0.462890625 0.506717527736132 0.145625 0.22478399999999998
2 0.444609375 0.7627010059970015 0.10625000000000001 0.05091200000000008
2 0.658125 0.8037815292353824 0.15625 0.23631100000000002
2 0.658125 0.1929470299850075 0.15750000000000008 0.24015299999999995
2 0.659375 0.49596277961019497 0.15749999999999997 0.238232
2 0.787265625 0.8857765067466268 0.020625000000000004 0.054754999999999936
2 0.810546875 0.8020860059970014 0.06000000000000005 0.05091300000000003
2 0.865078125 0.18910402998500747 0.16125 0.24015399999999998
