3 0.005859375 0.6042190833333333 0.011875 0.06583299999999996
3 0.043671875 0.6075520833333333 0.028125000000000004 0.06749999999999996
3 0.2828125 0.5964065833333333 0.015625 0.05166599999999999
3 0.2934375 0.5958333333333333 0.016874999999999973 0.043333000000000066
3 0.29953125 0.6982815833333333 0.008124999999999993 0.018333000000000006
3 0.3041796875 0.5994270833333334 0.007500000000000007 0.035833000000000004
3 0.313359375 0.7016145833333334 0.011875000000000024 0.020832999999999952
3 0.7091796875 0.3447916666666666 0.03874999999999995 0.11666700000000003
3 0.7015625 0.6408333333333333 0.016874999999999973 0.041667000000000044
3 0.762734375 0.6402600833333333 0.01187500000000008 0.034999999999999996
3 0.8168359375 0.6369270833333333 0.014374999999999916 0.03416700000000006
3 0.87828125 0.627292 0.009375000000000022 0.03250000000000012
3 0.9110546875 0.3725 0.03875000000000006 0.125833
3 0.9805078125 0.71088575 0.010000000000000009 0.024165999999999983
