1 0.722109375 0.6731695710102489 0.13687499999999997 0.15197000000000005
1 0.7687109375 0.6480077057101025 0.04562500000000003 0.06191300000000011
1 0.8706640625 0.6273956442166911 0.018125000000000058 0.015008999999999922
1 0.87515625 0.6255196442166912 0.008750000000000036 0.016884999999999872
1 0.8822265625 0.6273956442166911 0.003750000000000031 0.01688599999999993
1 0.893515625 0.6265719019033674 0.020625000000000004 0.022514000000000034
1 0.9042578125 0.6246959019033674 0.011249999999999982 0.020637000000000027
1 0.9171875 0.623459288433382 0.015625 0.031895000000000014
1 0.932265625 0.6238711595900439 0.020000000000000018 0.02814300000000003
1 0.963984375 0.6175326749633968 0.04437499999999994 0.03846199999999999
1 0.9744140625 0.6235735461200586 0.04937500000000006 0.03658499999999998
