1 0.0322265625 0.5906246666666667 0.064844 0.1781250000000001
1 0.1142578125 0.8911458333333334 0.229687 0.21458299999999988
1 0.144922375 0.5265624999999999 0.106249 0.17395799999999997
1 0.3640625 0.6703125 0.39218800000000004 0.203125
1 0.29707056249999997 0.48177049999999993 0.09687500000000002 0.140625
1 0.459765375 0.8328121666666667 0.38828200000000007 0.3187500000000001
1 0.403516125 0.4687496666666666 0.13046799999999997 0.116667
1 0.4607416875 0.43828091666666663 0.100001 0.12291700000000001
1 0.6150385625 0.5372399166666667 0.189844 0.12499999999999993
1 0.6546875 0.49869825000000007 0.17265600000000003 0.10416599999999991
1 0.68671925 0.6385416666666667 0.228124 0.210417
1 0.801171625 0.5234375 0.144532 0.140625
1 0.907421875 0.9005211666666666 0.18359399999999992 0.19479100000000008
1 0.9626948125 0.723958 0.07265699999999997 0.15833399999999997
