1 0.5806796875 0.818322546583851 0.19400000000000006 0.1601280000000001
1 0.019578125000000002 0.7954480062111803 0.036 0.12195100000000003
1 0.058536125 0.7898050310559007 0.068 0.10604399999999997
1 0.102057625 0.7820410559006212 0.052666000000000004 0.09119799999999993
1 0.150723625 0.7816236708074534 0.05133399999999999 0.08165500000000002
1 0.190245125 0.7722314906832298 0.036000000000000004 0.07104999999999996
1 0.1961045 0.765452105590062 0.048666000000000015 0.061506000000000026
1 0.2396533125 0.7732914906832298 0.057999999999999996 0.07105000000000014
1 0.31059375 0.8009391614906833 0.11733300000000002 0.15164399999999986
1 0.38134375 0.777799055900621 0.055999999999999994 0.09013800000000002
1 0.480921875 0.7854866211180124 0.09000000000000002 0.11240800000000012
1 0.926265625 0.9060369068322981 0.14533300000000005 0.18451800000000007
