3 0.295703125 0.2741611064120055 0.036250000000000004 0.151965
3 0.2954296875 0.5502693083219645 0.007500000000000007 0.027075000000000012
3 0.3115625 0.551251821282401 0.015625 0.03231400000000011
3 0.32953125 0.5547448212824011 0.009375000000000022 0.032313999999999954
3 0.36578125 0.5197023083219645 0.00874999999999998 0.025327000000000054
3 0.428984375 0.5681190518417462 0.013125000000000053 0.023581000000000085
3 0.477578125 0.2614487462482947 0.036250000000000004 0.10567700000000001
3 0.6461328125 0.5402233601637108 0.011249999999999982 0.04716100000000006
3 0.72953125 0.5708475648021827 0.008750000000000036 0.028821000000000138
3 0.78859375 0.42957369440654847 0.024375000000000036 0.08384299999999996
