4 0.056640625 0.8217184166666667 0.114375 0.23416699999999993
4 0.1910546875 0.8637496666666666 0.256875 0.2708340000000001
4 0.209765625 0.5291145833333334 0.020624999999999977 0.020832999999999952
4 0.25210937499999997 0.5525003333333333 0.044375000000000026 0.04333299999999999
4 0.4275 0.5576045 0.033125000000000016 0.04916600000000004
4 0.477421875 0.5547395833333334 0.059374999999999956 0.05166700000000005
4 0.49734375 0.612917 0.055625000000000036 0.0625
4 0.55796875 0.6298440833333334 0.11875000000000002 0.09666599999999992
4 0.7068359375 0.6670833333333333 0.07750000000000001 0.10500000000000005
4 0.771640625 0.6405205 0.11499999999999999 0.11000000000000003
4 0.8848046875 0.6385934166666666 0.07000000000000006 0.07750000000000005
4 0.930703125 0.64328125 0.09812500000000002 0.10333300000000005
