3 0.0661328125 0.8731746442166911 0.011249999999999996 0.015008999999999922
3 0.113359375 0.3196949267935578 0.04312500000000001 0.13696099999999997
3 0.1691796875 0.3757082518301611 0.03874999999999998 0.09849899999999998
3 0.2175390625 0.7867304480234261 0.019375000000000003 0.05816100000000004
3 0.2171875 0.8582789019033674 0.015625 0.021575999999999974
3 0.3348828125 0.36126854026354316 0.04125000000000001 0.12758000000000003
3 0.3759765625 0.4120657364568082 0.034999999999999976 0.08724199999999996
3 0.4766796875 0.38764979795021964 0.03875000000000001 0.13226999999999994
3 0.560625 0.44343460761347 0.03125 0.08442800000000003
3 0.6583984375 0.42441915373352856 0.02937499999999993 0.11913699999999998
3 0.6822265625 0.46542247877013176 0.03437499999999993 0.08067599999999996
3 0.82375 0.45725215373352857 0.03187499999999999 0.11913699999999998
3 0.8359765625 0.5017799633967789 0.034375000000000044 0.06941799999999997
3 0.8734375 0.8208691595900439 0.015625 0.029080999999999923
3 0.9727734375 0.4867450248901904 0.02937500000000004 0.11538399999999993
