0 0.0572265625 0.4632815833333333 0.0024999999999999953 0.018333000000000006
0 0.0728515625 0.48682291666666666 0.0025000000000000022 0.029167000000000016
0 0.0873828125 0.49369825 0.009999999999999995 0.04166599999999998
0 0.1085546875 0.49265591666666664 0.0062500000000000056 0.030834000000000028
0 0.1241796875 0.4771878333333333 0.0062500000000000056 0.027500000000000007
0 0.138203125 0.48161458333333335 0.00437499999999999 0.019167000000000007
0 0.1460546875 0.4930208333333333 0.0062500000000000056 0.027500000000000007
0 0.1606640625 0.5171354166666666 0.018125000000000002 0.045000000000000075
0 0.1878515625 0.4871878333333333 0.0037499999999999756 0.027500000000000007
0 0.2107421875 0.5149479166666667 0.02312499999999998 0.06166699999999999
0 0.2582421875 0.5242705 0.021874999999999978 0.04750000000000002
0 0.30578125 0.57911425 0.07124999999999998 0.10333399999999988
0 0.2882421875 0.5186458333333334 0.02312499999999995 0.05833299999999997
0 0.378125 0.5241149166666667 0.03125 0.061666
0 0.4987109375 0.5609378333333334 0.07624999999999998 0.0908330000000001
0 0.6124609375 0.50369825 0.04625000000000001 0.039166000000000034
0 0.6421484375 0.49703125 0.030625000000000013 0.03999999999999996
0 0.728046875 0.5454163333333334 0.09125000000000005 0.10666699999999991
0 0.965078125 0.5859371666666666 0.0675 0.13083400000000003
0 0.9677734375 0.5087499999999999 0.06187500000000001 0.06416700000000009
