0 0.0546875 0.7460940833333334 0.110625 0.41
0 0.2450390625 0.6113541666666666 0.08125000000000002 0.318333
0 0.28226562499999996 0.6435940833333333 0.08375000000000002 0.2841659999999999
0 0.3294921875 0.5040100833333333 0.05437500000000001 0.09749999999999999
0 0.3475 0.49651074999999995 0.03187500000000004 0.055000000000000084
0 0.420078125 0.4820315833333333 0.06749999999999995 0.080833
0 0.552265625 0.56036425 0.08250000000000002 0.16500000000000004
0 0.5238671875 0.4325003333333333 0.021874999999999978 0.04249999999999998
0 0.642890625 0.45401074999999996 0.020625000000000004 0.05666600000000003
0 0.8430078125 0.5876045 0.07250000000000001 0.17250000000000001
