3 0.178984375 0.6519795 0.011874999999999997 0.017499999999999922
3 0.249375 0.6448961666666667 0.03249999999999997 0.03833300000000003
3 0.3004296875 0.7049475833333334 0.006250000000000033 0.019166999999999934
3 0.32203125 0.6966145833333334 0.008750000000000036 0.020000000000000018
3 0.6244921875 0.5801045 0.02312499999999995 0.04750000000000002
3 0.6323046875 0.21645866666666666 0.03749999999999998 0.11666599999999999
3 0.6593359375 0.5991663333333334 0.014375000000000027 0.041666999999999975
3 0.688984375 0.6166663333333333 0.011874999999999969 0.04333400000000006
3 0.7156640625 0.63119825 0.01937499999999992 0.039166000000000034
3 0.8746875 0.07291666666666667 0.04875000000000007 0.1475
3 0.900859375 0.7248434166666667 0.011874999999999969 0.014999999999999977
3 0.91203125 0.7244795 0.009375000000000022 0.016665999999999997
