4 0.0737109375 0.7202481935483871 0.1075 0.194366
4 0.1877734375 0.7278893343108505 0.0925 0.1539909999999999
4 0.2660546875 0.7426171612903225 0.13187500000000002 0.1615020000000001
4 0.3884765625 0.7480705395894428 0.128125 0.17652600000000002
4 0.5119921875 0.7279912961876833 0.11687500000000006 0.2075120000000001
4 0.611171875 0.7457808152492668 0.12187499999999996 0.18028200000000005
4 0.6520703125 0.6910518211143695 0.057499999999999996 0.09483600000000002
4 0.6945703125 0.758746193548387 0.08812500000000001 0.19624400000000003
4 0.8001171875 0.7754811612903226 0.08437499999999998 0.16338
4 0.9396484375 0.7595696422287389 0.09249999999999992 0.19060999999999997
