1 0.4986328125 0.48432258333333333 0.88625 0.6124999999999999
1 0.2634765625 0.15494758333333333 0.034999999999999976 0.019167000000000007
1 0.3298046875 0.24999966666666665 0.163125 0.08583400000000001
1 0.2783984375 0.16078158333333334 0.02937500000000004 0.01999999999999998
1 0.3233984375 0.16468783333333334 0.02999999999999997 0.027500000000000007
1 0.342890625 0.16578158333333334 0.020625000000000004 0.02083299999999999
1 0.385 0.164792 0.0625 0.033333
1 0.51046875 0.1751045 0.055624999999999925 0.04750000000000002
1 0.6095703125 0.18161491666666665 0.08812500000000001 0.061666
1 0.719296875 0.19776041666666666 0.09062500000000007 0.07749999999999997
