1 0.2736328125 0.6928714705882353 0.166875 0.18455699999999992
1 0.01171875 0.419539 0.024375 0.05084700000000001
1 0.02734375 0.33291000000000004 0.05625 0.05084699999999997
1 0.05078125 0.6605069411764705 0.1025 0.16666700000000004
1 0.02984375 0.4407835882352941 0.056249999999999994 0.053672000000000004
1 0.075078125 0.498687294117647 0.06812499999999999 0.07909600000000008
1 0.07230468749999999 0.4273682352941176 0.038125 0.04237300000000003
1 0.25890625 0.45838629411764703 0.3525 0.277777
1 0.15425781249999998 0.5687691176470588 0.105 0.12240999999999995
1 0.4615625 0.35915882352941175 0.048750000000000016 0.046138999999999944
1 0.58109375 0.9106817058823529 0.274375 0.17514099999999994
1 0.791875 0.4594878235294117 0.22062499999999996 0.09416200000000004
1 0.9887890625 0.5054060588235294 0.01937500000000003 0.03672299999999997
