0 0.10546875 0.6453164670571011 0.21125 0.2617259999999999
0 0.1975390625 0.5495259267935578 0.081875 0.13696100000000005
0 0.2294140625 0.547465571010249 0.11187500000000003 0.15196999999999997
0 0.3046875 0.6682433382137628 0.17375000000000002 0.258911
0 0.416015625 0.463888251830161 0.05249999999999999 0.09943700000000012
0 0.46953125 0.5477382459736456 0.10249999999999998 0.18855500000000003
0 0.517109375 0.46317876720351386 0.04437500000000005 0.10975599999999999
0 0.5909765625000001 0.8039590073206443 0.190625 0.388368
0 0.5469140625 0.6120715959004392 0.08062500000000006 0.265479
0 0.54875 0.49811528257686677 0.0625 0.12289000000000001
0 0.6912890625 0.4126619633967789 0.01937500000000003 0.06848
0 0.7135546875 0.39062993265007323 0.007500000000000062 0.045028000000000026
0 0.7450390625 0.4255674480234261 0.01937500000000003 0.058160999999999956
0 0.8200390625 0.4067353499267936 0.11187499999999995 0.07692300000000005
