3 0.55875 0.5180956749633968 0.03187499999999999 0.040337999999999936
3 0.5938671875 0.4092517364568082 0.02312499999999995 0.08630399999999998
3 0.62046875 0.41270612298682285 0.024375000000000036 0.09474600000000002
3 0.7547265625 0.6187251288433382 0.0024999999999999467 0.005628000000000106
3 0.7672265625 0.6085203865300146 0.003750000000000031 0.011257000000000017
3 0.7891015625 0.6085203865300146 0.0025000000000000577 0.009380000000000093
3 0.803828125 0.5828937730600293 0.0050000000000000044 0.017823000000000016
3 0.8109765625 0.6206011288433383 0.00374999999999992 0.0056279999999999395
3 0.8941015625 0.6070562576866764 0.003750000000000031 0.007503999999999974
3 0.895078125 0.6187251288433382 0.0050000000000000044 0.0037520000000000704
