4 0.219792 0.390625 0.15625 0.15703099999999998
4 0.08463541666666667 0.537890125 0.170833 0.285157
4 0.5276038333333334 0.7712893125 0.744792 0.18203100000000005
4 0.3411458333333333 0.3623044375 0.08958300000000004 0.154688
4 0.4416663333333333 0.281640875 0.04375000000000003 0.06015599999999999
4 0.47630175 0.25507837499999997 0.02499999999999991 0.04296900000000001
4 0.5411461666666667 0.3789065 0.13229100000000002 0.04843700000000001
4 0.6096354166666668 0.2375 0.07604199999999987 0.03203100000000003
4 0.7322916666666668 0.318358875 0.11666699999999992 0.12187500000000001
4 0.68619825 0.2085935 0.009375000000000059 0.01718800000000001
4 0.8541666666666666 0.4845700625 0.08541699999999992 0.050000000000000044
