3 0.137192375 0.4297356691871455 0.012666999999999984 0.05032300000000001
3 0.3595498125 0.3272003100189036 0.010000000000000009 0.04645199999999998
3 0.3684795 0.2507101833648393 0.01666599999999996 0.07871000000000003
3 0.452526375 0.3395039508506616 0.01200000000000001 0.04516100000000003
3 0.5124795 0.23909718336483932 0.01666600000000007 0.07612900000000004
3 0.603953125 0.4442005141776938 0.005333000000000032 0.02709699999999996
3 0.6628359375 0.47465843667296787 0.01533299999999993 0.015483999999999994
3 0.7529296875 0.4382585916824196 0.007333000000000034 0.04000000000000005
3 0.768620125 0.4422198733459357 0.004666000000000059 0.033548
3 0.843859375 0.41287138752362956 0.01333300000000004 0.05677399999999994
3 0.8602626875 0.4182129508506616 0.0066669999999999785 0.04258099999999996
3 0.86123925 0.3019936691871456 0.008000000000000007 0.052903999999999916
3 0.8949296875 0.3213486691871455 0.0066669999999999785 0.05032300000000001
3 0.96390625 0.4342973100189036 0.009333000000000036 0.04774199999999999
