0 0.1248828125 0.7642487404129794 0.1675 0.33301900000000006
0 0.21984375 0.6176069026548673 0.08625 0.12452900000000006
0 0.26277343750000004 0.7675433303834808 0.12312500000000001 0.307547
0 0.36078125 0.5494967138643069 0.04062500000000002 0.09339599999999995
0 0.4039453125 0.5499077876106194 0.02562500000000001 0.08868000000000002
0 0.4683203125 0.6895197315634218 0.08875000000000005 0.25282999999999994
0 0.5177343750000001 0.501900820058997 0.075625 0.04905600000000002
0 0.6034375 0.7025543628318583 0.078125 0.266981
0 0.6932421875 0.5144045250737463 0.11687499999999995 0.061319999999999965
0 0.8809375 0.7097455693215339 0.23562499999999997 0.45943400000000006
