0 0.4290234375 0.667083 0.15562499999999996 0.3125
0 0.1021875 0.49109374999999994 0.11062499999999999 0.11916700000000002
0 0.1359375 0.9361979166666666 0.17312499999999997 0.12416700000000007
0 0.2545703125 0.49499966666666667 0.18312499999999998 0.08416699999999995
0 0.4921875 0.4750003333333333 0.04749999999999999 0.04333299999999999
0 0.528359375 0.4725003333333333 0.04437500000000005 0.04333299999999999
0 0.572734375 0.47333333333333333 0.043749999999999956 0.041667000000000044
0 0.6963671875 0.8090628333333334 0.17937499999999995 0.37166599999999983
0 0.6262890625 0.47411458333333334 0.01937499999999992 0.020000000000000018
0 0.639609375 0.4671878333333333 0.013124999999999942 0.027500000000000007
0 0.796640625 0.63203125 0.08250000000000002 0.16499999999999995
0 0.8787109375 0.4216663333333333 0.015000000000000013 0.041667000000000044
0 0.903359375 0.42536425000000005 0.01187500000000008 0.03999999999999996
0 0.9149609375 0.42666633333333337 0.01375000000000004 0.04333399999999991
0 0.93390625 0.5347399166666666 0.039999999999999925 0.0925000000000001
0 0.943203125 0.4235413333333333 0.005624999999999991 0.01166700000000002
0 0.9523046875 0.43078158333333333 0.006249999999999978 0.02083300000000003
0 0.9692578125 0.43265591666666664 0.010624999999999996 0.029167000000000016
