1 0.23253039696312364 0.9089166666666667 0.33999999999999997 0.148
1 0.044468546637744036 0.9392916666666666 0.090833 0.11699999999999999
1 0.35999671800433836 0.8710625 0.13833299999999998 0.08000000000000007
1 0.5373915401301518 0.8378541666666667 0.10000000000000012 0.06800000000000006
1 0.6336605206073753 0.82796875 0.13249999999999995 0.08700000000000004
1 0.7503817505422994 0.81015625 0.0833329999999999 0.07099999999999988
1 0.8069435726681127 0.78253125 0.045833000000000096 0.040999999999999925
1 0.8481073752711498 0.7788333333333334 0.0433329999999999 0.043000000000000003
1 0.8928557765726681 0.7838333333333334 0.0408339999999999 0.043000000000000003
1 0.935594388286334 0.7640208333333334 0.02000000000000006 0.026999999999999986
1 0.9460975856832972 0.7557187500000001 0.02416600000000005 0.02599999999999995
1 0.9731865791757051 0.7698333333333333 0.03499999999999986 0.04300000000000015
1 0.9825129869848155 0.7428125 0.02333300000000009 0.016000000000000014
1 0.9904229934924078 0.7581145833333333 0.012500000000000098 0.019000000000000128
